23273
7970
22092
31586
25557
26115
17350
20845
4372
30337
1389
16166
2581
16808
17357
30186
11482
25151
28767
16377
10909
14454
19485
2130
25647
9050
3279
8486
19785
26803
18113
1376
8211
13795
30849
19849
14481
21513
345
1685
50
8169
2150
30091
4959
22321
11692
2671
162
8528
13636
30427
19792
440
4859
5473
32728
17729
21670
944
8197
21983
15817
19999
28956
19058
5391
31488
2101
11549
15086
16794
813
18711
16489
15052
9986
16796
19139
28510
17876
11176
24572
13398
9372
18099
7959
24849
19075
8172
31275
1507
24828
3659
11668
21213
10020
17988
3659
6810
17832
9782
5168
8098
12052
578
28043
28715
23367
20828
16337
20507
5269
30269
11694
2917
4834
3470
6863
22212
4862
2130
21435
29506
16808
7753
4603
5656
14260
7630
28926
12811
25926
21947
20320
10339
21762
13508
7683
28276
15797
19028
5601
21249
9436
20122
1886
22326
22412
27300
31990
13328
17614
24111
23643
30267
8942
14891
8369
11091
6521
4141
20164
2832
23606
1041
25089
3733
26100
8785
25897
10680
20031
6595
18155
257
918
29884
30768
11450
10401
12681
5487
24367
5177
2625
24456
20268
2521
2068
8654
13295
13856
17267
1524
1069
2252
4093
28694
19615
22546
6685
14260
12955
13011
6549
1860
25896
5391
3386
17866
11458
8425
2134
21207
29188
14643
5273
29735
12360
18540
7249
10421
17911
28100
8763
5821
27571
13567
19765
16680
3604
20660
23808
23468
18538
25773
715
24215
19723
25090
14622
18251
14484
21494
18365
10596
21304
25567
13565
5779
20597
27738
25710
32051
4933
32486
30865
29920
19095
4102
25453
10838
10565
5849
3703
22069
7333
2081
14844
971
29883
20403
7995
2959
32559
15580
8697
20664
14559
25584
5600
18412
3269
17484
25022
19811
21347
21079
25331
29627
19497
14849
28818
1248
18503
29517
5025
15396
6806
15724
15573
4990
21198
30387
23896
27133
30881
23400
21828
9082
304
22194
27858
5687
28707
23718
14123
9496
31062
594
2680
5240
2384
31894
13876
6908
4622
25822
23093
14581
10530
20633
16659
32404
12324
31691
14981
16742
31598
29552
21730
10876
11641
16750
897
21501
28351
25365
18308
1652
29555
31065
1965
5359
25861
16729
28160
31300
30590
13382
14763
7631
29220
9024
29434
18322
31712
8745
13114
3405
14041
8431
21598
22805
8912
9705
16360
9684
2646
13025
3363
6654
14040
23998
1566
599
22123
17373
8517
18516
29268
19784
10061
31028
21667
25137
14297
1202
29854
24430
14603
19663
7128
12046
11435
23577
20767
32588
12946
5178
6864
10527
15946
31586
20208
6877
19064
5588
2268
12880
17955
30773
1124
6064
8975
20426
11584
14855
1315
6327
4103
12225
19383
9877
11684
22277
1246
6840
22266
22890
19659
2191
25344
28018
22087
18476
22217
3112
13695
26009
30140
18371
29281
31374
10638
12441
12358
12637
29057
15835
29144
5899
19420
16576
23153
26955
24620
26730
2429
6751
2182
5704
12602
4583
7115
19747
5338
5015
29260
18187
29476
24425
9268
22104
9086
263
28314
20387
21319
8559
23399
3982
9001
31958
31113
17224
10295
15249
27267
721
17377
6949
20284
8751
2252
21936
3237
4040
21545
4146
31390
2167
9437
18441
32031
5044
2714
19581
10876
23673
0
7605
29269
24336
11283
28851
2832
6474
21392
11472
32644
31914
12746
30447
25582
16705
30083
14832
8401
30802
9898
23685
28201
11610
14034
16443
7582
6323
11948
9342
5829
32243
23493
23976
7620
3289
32039
7764
8212
12621
30218
22797
31627
30471
16170
22119
7874
20047
1232
5303
4453
160
3773
11468
4018
11251
28737
3561
14908
5434
1669
13238
22397
29241
13898
22439
1433
10201
17644
4523
4545
31416
28805
17984
20075
12814
23498
8382
27055
16402
2208
7204
30043
2253
21734
23834
6840
27245
30706
22549
3511
14391
17257
16810
14955
20072
29335
24878
14302
17953
8308
4901
2617
1454
7523
32298
11960
4393
10453
17855
28898
20455
23094
29131
9184
25265
17522
6352
6370
8933
17874
23126
30359
16133
14299
21838
29719
11944
4098
1612
14692
27114
29821
4808
29855
24048
23755
27949
7503
30571
5068
31279
23144
20649
16465
9136
8498
22998
20037
13927
8893
11713
7037
19571
4014
27262
1263
18005
22435
21342
26349
18353
8639
23084
7312
5493
3627
14018
30423
24109
15206
12834
4684
18874
20774
25651
27127
9286
5174
6643
3377
11928
21406
24805
6564
25300
689
30607
22172
6288
13872
28637
8358
23769
25395
25610
26546
112
30904
31116
30091
17750
21689
24313
20268
11756
17763
29669
29522
29307
27413
17918
5583
5594
15989
23182
32312
28991
1684
27714
13872
211
11514
30684
8243
9129
5691
6158
32514
30095
1079
1182
25400
15265
1504
2521
32537
32249
5532
3188
1282
19686
12657
25387
5663
5031
17695
24261
17531
15782
12575
27437
8085
7012
5499
5861
9005
12157
27064
23170
5233
5647
20081
25995
1240
8393
1490
4102
2053
15278
31497
3668
3944
32023
10592
21861
3099
14371
29193
7395
17817
5118
9975
17496
20195
19898
29764
26997
27386
4315
428
9682
21931
16800
25199
20030
31508
4579
6249
560
16997
10807
13059
30871
30592
29636
4403
18348
28882
3149
19260
20429
10905
21274
6843
29966
23099
22826
29568
31085
11053
31839
13834
650
25381
1351
24229
28789
17334
18640
24888
31862
27835
18909
27722
21418
17306
7575
14614
6489
31571
18204
8052
7135
25640
10078
21368
31650
10346
14901
20745
21977
32341
11232
3933
21471
10648
14353
23792
12274
7790
22714
9418
22734
3899
31911
543
12351
27997
24657
28320
30353
8344
5632
2431
13345
4703
3195
4350
3454
13105
23489
28459
28259
16908
17535
22643
15921
1448
22336
1469
18698
30419
16737
19321
24493
4868
1080
26486
10488
9837
7039
22196
10821
20282
24163
6251
9959
7356
19199
6104
11658
18341
20130
32625
17857
31811
7312
19288
26801
2023
3910
373
389
8910
25632
17210
19401
28792
11324
31219
30457
11088
17753
22628
24120
26621
15289
32149
7437
11427
5940
1923
8954
18036
14126
18920
17552
11853
17996
8172
30168
29086
12107
26290
15430
18533
9577
16695
7573
27127
15374
8792
18592
27603
22358
9563
3353
28767
10952
30360
25076
9131
16649
2781
27817
28426
22009
4363
8153
24006
26416
25787
23359
15819
2568
26692
9511
19677
26678
5411
6421
24929
19545
11139
24708
26949
30858
18226
6434
18193
24560
18478
